制御装置
東経
BM
最終貫入状況
自沈状況
音感・感触
当日天候
水位(m)
レベル値
測点地
換算N値グラフ
降雨
確認
無回転急速
無回転緩速
ローム
シルト
空洞
凡例
資料
試験結果
qa※2
※1
水位の記録
地番番号
調査名
終了条件
ハヤイロッド
測点
件名
特記
qa:
観察記事
ガラ
石
貫入不可
(基準からの高低差)
記録用紙
<
>
調査件名
調査地点
調査地点地盤高さ
平均
基礎下
地盤許容応力度
ジンワリ
No.
調査期間
自然
ストン
調査箇所
調査データ
(盛土)
測点No
1
2
3
4
5
6
7
8
9
0
10
11
12
13
14
15
16
17
18
19
20
21
22
23
24
25
26
27
28
29
30
31
32
33
34
35
36
37
38
39
40
41
42
43
44
45
46
47
48
49
50
51
52
53
54
55
56
57
58
59
60
61
62
63
64
65
66
67
68
69
70
71
72
73
74
75
76
77
78
79
80
81
82
83
84
85
86
87
88
89
90
91
92
93
94
95
96
97
98
99
0,1
0,2
0,3
0,4
0,5
0,6
0,7
0,8
0,9
0,0
1,0
1,1
1,2
1,3
1,4
1,5
1,6
1,7
1,8
1,9
2,0
2,1
2,2
2,3
2,4
2,5
2,6
2,7
2,8
2,9
3,0
3,1
3,2
3,3
3,4
3,5
3,6
3,7
3,8
3,9
4,0
4,1
4,2
4,3
4,4
4,5
4,6
4,7
4,8
4,9
5,0
5,1
5,2
5,3
5,4
5,5
5,6
5,7
5,8
5,9
6,0
6,1
6,2
6,3
6,4
6,5
6,6
6,7
6,8
6,9
7,0
7,1
7,2
7,3
7,4
7,5
7,6
7,7
7,8
7,9
8,0
8,1
8,2
8,3
8,4
8,5
8,6
8,7
8,8
8,9
9,0
9,1
9,2
9,3
9,4
9,5
9,6
9,7
9,8
9,9
+1
+2
+3
+4
+5
+6
+7
+8
+9
+0
-1
-2
-3
-4
-5
-6
-7
-8
-9
-0
01
02
03
04
05
06
07
08
09
0:0
0:1
0:2
0:3
0:4
0:5
1:0
1:1
1:2
1:3
1:4
1:5
2:0
2:1
2:2
2:3
2:4
2:5
3:0
3:1
3:2
3:3
3:4
3:5
4:0
4:1
4:2
4:3
4:4
4:5
5:0
5:1
5:2
5:3
5:4
5:5
6:0
6:1
6:2
6:3
6:4
6:5
7:0
7:1
7:2
7:3
7:4
7:5
8:0
8:1
8:2
8:3
8:4
8:5
9:0
9:1
9:2
9:3
9:4
9:5
.
,
